0.173283
0.173903
0.174082
0.174118
0.174974
0.175182
0.175333
0.175339
0.175767
0.175985
0.176147
0.176227
0.176249
0.176304
0.176553
0.176659
0.176916
0.176935
0.176939
0.177045
0.177085
0.177127
0.177397
0.177451
0.177483
0.177496
0.177505
0.17755
0.177554
0.177561
0.177634
0.177798
0.177959
0.178028
0.178148
0.178529
0.17853
0.178537
0.178583
0.178687
0.17871
0.178848
0.178848
0.178939
0.179057
0.179093
0.179189
0.179272
0.179335
0.179346
0.179362
0.179434
0.179477
0.179479
0.179498
0.179517
0.179535
0.179568
0.179573
0.179662
0.179667
0.179749
0.179788
0.179837
0.179888
0.179962
0.180068
0.180123
0.180147
0.180168
0.180182
0.180214
0.180258
0.180282
0.180308
0.180469
0.180489
0.180542
0.180571
0.180574
0.181173
0.181187
0.181342
0.181452
0.181701
0.181803
0.181937
0.181957
0.181994
0.182019
0.18207
0.182119
0.182243
0.182244
0.182279
0.182427
0.182508
0.182551
0.182736
0.18287
0.182906
0.182956
0.183037
0.183061
0.183064
0.183181
0.183203
0.183205
0.18322
0.183392
0.183425
0.183575
0.183594
0.183687
0.18375
0.183785
0.183792
0.183841
0.183877
0.183879
0.183983
0.184047
0.184187
0.184247
0.18428
0.184414
0.18448
0.184482
0.184506
0.184565
0.184648
0.184672
0.184723
0.184876
0.184901
0.184941
0.185059
0.185092
0.185159
0.185178
0.185299
0.18556
0.185662
0.185784
0.185801
0.185818
0.185871
0.185946
0.18595
0.185968
0.186107
0.186143
0.186159
0.18619
0.186242
0.186246
0.186276
0.186337
0.18657
0.186612
0.186658
0.186681
0.186697
0.186772
0.186841
0.186872
0.186905
0.187059
0.187105
0.187255
0.1873
0.187348
0.18743
0.187478
0.187549
0.187741
0.187773
0.187894
0.188005
0.188168
0.188198
0.188371
0.188377
0.188553
0.188678
0.188909
0.188969
0.189066
0.189237
0.189274
0.189336
0.189493
0.18957
0.189984
0.190158
0.190312
0.19046
0.190476
0.190509
0.190575
0.1906
0.190624
0.190753
0.190793
0.190952
0.191227
0.191315
0.19132
0.191344
0.191377
0.191445
0.191464
0.191493
0.191628
0.191656
0.19171
0.191798
0.191831
0.19198
0.192251
0.192276
0.192291
0.192324
0.192454
0.192616
0.192872
0.192926
0.192968
0.193315
0.193397
0.193568
0.193657
0.193704
0.193711
0.193907
0.193967
0.194047
0.194068
0.194094
0.194119
0.19414
0.194187
0.194336
0.194393
0.194401
0.194497
0.194827
0.194907
0.19491
0.194979
0.195057
0.195067
0.195083
0.195124
0.195509
0.195742
0.195895
0.19597
0.196111
0.196347
0.196388
0.196634
0.196821
0.196918
0.197036
0.197049
0.197428
0.19756
0.197716
0.197929
0.197979
0.198139
0.198169
0.198295
0.198588
0.198618
0.19892
0.19901
0.199325
0.199364
0.19942
0.199473
0.199513
0.199964
0.199974
0.200124
0.200153
0.200239
0.200331
0.200367
0.20043
0.200438
0.200699
0.200918
0.20103
0.201041
0.201385
0.201904
0.202046
0.202053
0.202623
0.202945
0.202971
0.203049
0.203238
0.203534
0.203669
0.20373
0.203828
0.20449
0.204607
0.204774
0.204802
0.204881
0.20513
0.205238
0.205396
0.205508
0.205726
0.205846
0.206117
0.206187
0.206273
0.206502
0.206929
0.207032
0.207089
0.207524
0.207764
0.208251
0.208277
0.208338
0.208577
0.20867
0.208692
0.208946
0.209453
0.209555
0.209865
0.209881
0.209969
0.21004
0.210094
0.210104
0.210228
0.210261
0.210382
0.210765
0.210873
0.211039
0.211073
0.211098
0.21114
0.211322
0.211584
0.211637
0.212025
0.212349
0.212517
0.212778
0.213017
0.213244
0.213341
0.214016
0.214485
0.21469
0.214753
0.214858
0.215225
0.215557
0.21577
0.215806
0.215831
0.216022
0.216125
0.216264
0.216496
0.216534
0.216858
0.217002
0.217277
0.217299
0.217443
0.217961
0.218681
0.218826
0.219016
0.219947
0.220186
0.220186
0.220406
0.220433
0.220602
0.220825
0.220864
0.220913
0.221583
0.221799
0.221872
0.222649
0.223633
0.224291
0.224506
0.224751
0.224761
0.224842
0.22561
0.225686
0.226078
0.226369
0.226701
0.226767
0.22734
0.227652
0.228137
0.228192
0.22868
0.230069
0.230714
0.230864
0.231167
0.231659
0.232906
0.233438
0.233899
0.234258
0.234693
0.234702
0.234922
0.236708
0.237463
0.237493
0.238571
0.238587
0.239006
0.239071
0.239971
0.240006
0.240964
0.241695
0.242069
0.242209
0.242296
0.244935
0.245232
0.245612
0.246292
0.247916
0.248743
0.250298
0.251184
0.25179
0.252854
0.254034
0.254191
0.255019
0.256594
0.26091
0.261657
0.262219
0.269079
0.269794
0.272751
0.275649
0.276163
0.278228
0.281972
0.295377
0.295603
0.299586
0.329294
0.459778