00006370
00014404
00014472
00014484
00014497
00014609
00014625
00014675
00014709
00014788
00014796
00014812
00014912
00014987
00014999
00015029
00015049
00015070
00015111
00019645
00021685
10328714
10328715
10328716
10328717
10328719
10328720
10328721
10328722
10328724
10328725
10328726
10328727
10328728
10328729
10328730
10328731
10328732
10328733
10328735
10328736
10328737
10328738
10328739
10328740
10328741
10328742
10328743
10328744
10328745
10328746
10328747
10328748
10328749
10328750
10328751
10328752
10328753
10328754
10328755
10328756
10328757
10328758
10328759
10328760
10328761
10328763
10328764
10328765
10328766
10328767
10328768
10328770
10328771
10328772
10328773
10328774
10328775
10328776
10328777
10328778
10328779
10328780
10328781
10328782
10328783
10328784
10328785
10328786
10328787
10328788
10328789
10328790
10328791
10328793
10328794
10328795
10328796
10328797
10328798
10328799
10328800
10328801
10328802
10328803
10328804
10328805
10328807
10328808
10328809
10328810
10328811
10328812
10328813
10328814
10328815
10328816
10328817
10328819
10328820
10328821
10328822
10328823
10328824
10328825
10328826
10328827
10328828
10328829
10328831
10328832
10328833
10328834
10328835
10328837
10328838
10328839
10328840
10328841
10328842
10328843
10328844
10328846
10328848
10328850
10328851
10328852
10328853
10328854
10328855
10328856
10328857
10328858
10328859
10328860
10328861
10328862
10328863
10328864
10328865
10328866
10328867
10328868
10328869
10328870
10328871
10328872
10328873
10328874
10328875
10328876
10328877
10328878
10328879
10328880
10328881
10328882
10328883
10328884
10328885
10328886
10328887
10328888
10328889
10328890
10328891
10328892
10328893
10328894
10328895
10328896
10328897
10328898
10328899
10328900
10328901
10328902
10328903
10328904
10328905
10328906
10328907
10328908
10328909
10328910
10328911
10328912
10328913
10328914
10328915
10328916
10328917
10328918
10328919
10328920
10328921
10328922
10328923
10328924
10328925
10328926
10328927
10328928
10328929
10328930
10328931
10328932
10328933
10328934
10328935
10328936
10328937
10328938
10328939
10328940
10328941
10328942
10328943
10328944
10328945
10328946
10328947
10328948
10328949
10328950
10328951
10328953
10328954
10328955
10328956
10328957
10328958
10328959
10328960
10328962
10328964
10328965
10328966
10328967
10328968
10328969
10328970
10328971
10328972
10328973
10328974
10328976
10328977
10328978
10328979
10328980
10328981
10328982
10328983
10328984
10328985
10328986
10328988
10328989
10328990
10328991
10328992
10328993
10328994
10328995
10328997
10328998
10328999
10329000
10329001
10329002
10329003
10329004
10329005
10329006
10329007
10329008
10329009
10329010
10329011
10329012
10329013
10329014
10329015
10329016
10329017
10329018
10329019
10329020
10329021
10329022
10329023
10329025
10329026
10329027
10329028
10329029
10329030
10329031
10329032
10329033
10329034
10329035
10329036
10329037
10329038
10329039
10329040
10329041
10329042
10329043
10329044
10329045
10329046
10329047
10329048
10329049
10329050
10329051
10329052
10329054
10329055
10329056
10329057
10329058
10329059
10329060
10329061
10329062
10329063
10329064
10329065
10329066
10329067
10329068
10329070
10329071
10329072
10329073
10329074
10329075
10329076
10329077
10329078
10329079
10329080
10329081
10329082
10329083
10329084
10329085
10329086
10329087
10329088
10329089
10329090
10329091
10329092
10329093
10329094
10329095
10329096
10329097
10329098
10329099
10329100
10329101
10329102
10329103
10329104
10329105
10329106
10329107
10329108
10329109
10329110
10329111
10329112
10329113
10329114
10329115
10329116
10329117
10329118
10329119
10329120
10329121
10329122
10329123
10329124
10329125
10329126
10329127
10329128
10329129
10329130
10329131
10329132
10329133
10329134
10329135
10329136
10329137
10329138
10329139
10329140
10329141
10329142
10329143
10329144
10329145
10329146
10329147
10329148
10329149
10329150
10329151
10329152
10329153
10329154
10329155
10329156
10329157
10329158
10329159
10329160
10329163
10329164
10329165
10329166
10329167
10329168
10329169
10329170
10329171
10329172
10329173
10329174
10329175
10329176
10329177
10329179
